1010010010101101001001110000101100101010011001110100001010101100100101100111001001011011000111110101
0111001011000001101101010111011110001000011111111100111101100101001000110101100011111010100011001000
0110100111000001101101011000101101110101000010010001010101100110000101000100000111111011111111100001
0111100001100110110101100100100001100101010110000011011110001001110111010110000100101001011111101010
1010101101011101011101101010001111000001100001010010010011111111010000110100100111000000111000111000
1100001010101010000111100011111111100110100100000001001000000111111101010111001101111010011111001000
1011011101011001000001101000101101001010001101110000110001100101100101111110100111010000110100110001
0110111110011010010101011010000101101001001010111111101100010101010110011101101110001001111010011001
0100111000111111001111000010101111110100110100000011011010011101111000100111001111110110100010001000
1110110101000111000111010010010011110010000101010000010001111010001011010101100110101010100111000111
0110010101010010000011010110001001111011110100001000000110110100110110110001100100011110010001110011
1111100000101110101110011101100001000001101011100111001101110001011001011111010101110001011111010111
0100101011101000010000001100101011101011000100001001100100010001001100101010001110001100110110101010
1100001011111101110100110100111000011111000010010001100111110000101111001101100110011011001011010110
1000011011010011000101101101000000011000010001100010101110000000001010000110011011111011110000000101
1100101101101110111010100000110001000001101111100101100101110100100100111000101011000000010000010111
1000100010001000011100110011111111000110101011011101100001011110110100100000001111101000010100111001
0011000100010011010001110000010011000000101000010111111101000000110011000110101101100011010101101011
1110100010001000001001011001110110001001001100110000000011011100110011110000110111001101101001101100
0000110110111111101110101001001011000101010000101111011110100101100001101100010101111100111010111001
0101011011011100101000101100111100110000000101001010010100111110111010100000101011001110010011000101
0111101010110000101111000011101110100111101000100000000000001000011111001101100100101101100001110011
1010001011001101111011011001101100011111100100100110101110010110011101110111100100100000000111100001
1101000001100100111101011000010111000101100100000001111010110010100010011001010111001111011111110110
1010111000011010110100010000000011011100000000110110110010110100000010001010110000011101111010101000
1100100000100110111111011111100100010110000111011010010110010110000100100001000101100011110111100001
1101101011010101000001000000010101100100110010100011010111011110101010011100000111001111110110110001
1011101011110011110110110000101111000101111110010111000010001000111001000000100100110001001010000111
0011010100001001000000111110111000000000001111101101000100011111011100011100101000001111010101011110
1100000100111000010100001100010111011011000000110111111111000001000110100011001110101111111111101000
0001100111101011011001011100100111010110010000010000000101110011011000111111110000101000001101010100
1011110101110011010110001110011010111000010101000101111110011100000000011101010100101100001110111111
0100101010101101000010110111100101100010100010011100110001101010111011011010110010010001110000000001
1111110000111110100110101011101010111010100101011011010001000110101111111011000000010011110101001000
0100101010111001000101101110100011110000100010110100011000011110111100000011000100100001011000000010
1010000001110011101001011111011111001110010111110101111101111100000001010000010010001101001110101000
1100010001000100000010101001111000000011100000111011100011101010110110111111010010000011110111011100
1010000001011110100100001010011010100000011010001111111111101010001000110110101111101000100110010001
1101111101010101000000110001001010111100100101110111010010011000011100101001100111000110100100111110
1001101010101101001011011000111110000110010101001011111000000110001101010101101010000111101010100101
0100010001001110001001100101000000011000010100110001110101111111110010011100011101000000010011011110
1010110011111101001001111000010110100100011101111110000001001101011000001110001110101100011010010111
1010001101011100001011111001000100001011010011101100010010100111011001110100110100011100001000010000
1011110110111001101001011111100110011110010101110000011000011110010001001110111000101000011100000100
1010110101100001000100000101000000101100000100011110001100110010101100001100000011011011000011011011
0110111110001111100000001110000110100111110011000011101010110100000001111000101000000110111000110001
1100100001010011110000101111110110011110101110010011001000110010000100110111010000101100001001000111
1010101100100000100010101101100101101000110110101100101010011011001101101101011100100011101101101101
1111100010010001011110000100111101000010110100111001100111001111001101110100110010010111010011111111
0000111100110011100001010010110011001000101001001010010100010010000100110100100011011001110010010111
